1782271427700 0.28809523582458496 0
1782271433527 0.5476190447807312 1
1782271439494 0.7369047403335571 2
1782271449663 0.8154761791229248 3
1782271455515 0.8535714149475098 4
1782271461284 0.9071428775787354 5
1782271467063 0.9083333611488342 6
1782271472833 0.9273809790611267 7
1782271478577 0.9571428298950195 8
1782271484388 0.9690476059913635 9
1782271494588 0.9726190567016602 10
1782271500355 0.9916666746139526 11
1782271506136 0.9857142567634583 12
1782271511957 0.9952380657196045 13
1782271517746 0.9988095164299011 14
1782271523464 0.9928571581840515 15
1782271529259 0.9988095164299011 16
1782271539469 1.0 17
1782271549739 1.0 18
1782271555536 1.0 19
1782271561364 1.0 20
1782271571594 1.0 21
1782271577492 1.0 22
1782271587681 1.0 23
1782271593539 1.0 24
