1782271427700 1.6098605394363403 0
1782271433527 0.9805508852005005 1
1782271439494 0.6106077432632446 2
1782271449663 0.4311065375804901 3
1782271455515 0.3488365113735199 4
1782271461284 0.2650943994522095 5
1782271467063 0.2515329122543335 6
1782271472833 0.18949121236801147 7
1782271478577 0.13602861762046814 8
1782271484388 0.10072551667690277 9
1782271494588 0.09450004249811172 10
1782271500355 0.04952622205018997 11
1782271506136 0.04501480981707573 12
1782271511957 0.03272023797035217 13
1782271517746 0.020273253321647644 14
1782271523464 0.023251282051205635 15
1782271529259 0.014729851856827736 16
1782271539469 0.007595072500407696 17
1782271549739 0.005741043947637081 18
1782271555536 0.005293249152600765 19
1782271561364 0.0035512286704033613 20
1782271571594 0.0028711676131933928 21
1782271577492 0.002368938410654664 22
1782271587681 0.002224511466920376 23
1782271593539 0.0017899795202538371 24
