1782116156245 0.4000000059604645 0
1782116162565 0.6345238089561462 1
1782116168711 0.7452380657196045 2
1782116174885 0.7904762029647827 3
1782116181060 0.836904764175415 4
1782116187163 0.8535714149475098 5
1782116193946 0.8940476179122925 6
1782116200096 0.9261904954910278 7
1782116210323 0.949999988079071 8
1782116216446 0.9488095045089722 9
1782116226705 0.9583333134651184 10
1782116232815 0.9892857074737549 11
1782116238952 0.988095223903656 12
1782116249791 0.9952380657196045 13
1782116255946 0.9940476417541504 14
1782116262051 1.0 15
1782116272331 1.0 16
1782116278572 1.0 17
1782116284746 1.0 18
1782116290870 1.0 19
1782116301735 1.0 20
1782116307887 1.0 21
1782116314029 1.0 22
1782116324202 1.0 23
1782116335106 1.0 24
