1782116156245 1.3062280416488647 0
1782116162565 0.7305900454521179 1
1782116168711 0.5638205409049988 2
1782116174885 0.4517607092857361 3
1782116181060 0.3820074200630188 4
1782116187163 0.32118773460388184 5
1782116193946 0.24759942293167114 6
1782116200096 0.18666349351406097 7
1782116210323 0.15926939249038696 8
1782116216446 0.14277859032154083 9
1782116226705 0.1127656102180481 10
1782116232815 0.05789897218346596 11
1782116238952 0.046614550054073334 12
1782116249791 0.028602518141269684 13
1782116255946 0.025087708607316017 14
1782116262051 0.010854664258658886 15
1782116272331 0.008020016364753246 16
1782116278572 0.010093710385262966 17
1782116284746 0.005901945289224386 18
1782116290870 0.0032727541401982307 19
1782116301735 0.0024671514984220266 20
1782116307887 0.002065070439130068 21
1782116314029 0.001848558196797967 22
1782116324202 0.0019711325876414776 23
1782116335106 0.0014175623655319214 24
